#pH            NTR    1LYS    7GLU   13LYS   15HIS   18ASP   20TYR   23TYR   33LYS   35GLU   48ASP   52ASP   53TYR   66ASP   87ASP   96LYS   97LYS  101ASP  116LYS  119ASP     CTR
 0.00	 1.0000	 1.0000	 0.9997	 1.0000	 1.0000	 0.9996	 1.0000	 1.0000	 1.0000	 1.0000	 0.9897	 0.9989	 1.0000	 0.9961	 0.9976	 1.0000	 1.0000	 0.9999	 1.0000	 0.9988	 0.9942
 0.25	 1.0000	 1.0000	 0.9995	 1.0000	 1.0000	 0.9994	 1.0000	 1.0000	 1.0000	 0.9999	 0.9820	 0.9977	 1.0000	 0.9929	 0.9956	 1.0000	 1.0000	 0.9998	 1.0000	 0.9977	 0.9899
 0.50	 1.0000	 1.0000	 0.9991	 1.0000	 1.0000	 0.9986	 1.0000	 1.0000	 1.0000	 0.9999	 0.9698	 0.9957	 1.0000	 0.9876	 0.9926	 1.0000	 1.0000	 0.9996	 1.0000	 0.9960	 0.9817
 0.75	 1.0000	 1.0000	 0.9984	 1.0000	 1.0000	 0.9975	 1.0000	 1.0000	 1.0000	 0.9998	 0.9484	 0.9925	 1.0000	 0.9786	 0.9856	 1.0000	 1.0000	 0.9993	 1.0000	 0.9928	 0.9700
 1.00	 1.0000	 1.0000	 0.9973	 1.0000	 1.0000	 0.9959	 1.0000	 1.0000	 1.0000	 0.9995	 0.9090	 0.9867	 1.0000	 0.9615	 0.9746	 1.0000	 1.0000	 0.9989	 1.0000	 0.9878	 0.9473
 1.25	 1.0000	 1.0000	 0.9952	 1.0000	 0.9999	 0.9921	 1.0000	 1.0000	 1.0000	 0.9993	 0.8523	 0.9775	 1.0000	 0.9352	 0.9549	 1.0000	 1.0000	 0.9975	 1.0000	 0.9780	 0.9094
 1.50	 1.0000	 1.0000	 0.9920	 1.0000	 1.0000	 0.9863	 1.0000	 1.0000	 1.0000	 0.9990	 0.7643	 0.9629	 1.0000	 0.8898	 0.9234	 1.0000	 1.0000	 0.9960	 1.0000	 0.9614	 0.8497
 1.75	 1.0000	 1.0000	 0.9861	 1.0000	 0.9999	 0.9770	 1.0000	 1.0000	 1.0000	 0.9980	 0.6525	 0.9404	 1.0000	 0.8225	 0.8690	 1.0000	 1.0000	 0.9929	 1.0000	 0.9337	 0.7572
 2.00	 1.0000	 1.0000	 0.9747	 1.0000	 0.9997	 0.9591	 1.0000	 1.0000	 1.0000	 0.9967	 0.5257	 0.9040	 1.0000	 0.7261	 0.7943	 1.0000	 1.0000	 0.9877	 1.0000	 0.8898	 0.6354
 2.25	 1.0000	 1.0000	 0.9571	 1.0000	 0.9996	 0.9314	 1.0000	 1.0000	 1.0000	 0.9940	 0.3919	 0.8523	 1.0000	 0.6102	 0.6854	 1.0000	 1.0000	 0.9779	 1.0000	 0.8195	 0.4984
 2.50	 0.9999	 1.0000	 0.9248	 1.0000	 0.9995	 0.8868	 1.0000	 1.0000	 1.0000	 0.9904	 0.2819	 0.7834	 1.0000	 0.4719	 0.5424	 1.0000	 1.0000	 0.9597	 1.0000	 0.7140	 0.3600
 2.75	 0.9999	 1.0000	 0.8759	 1.0000	 0.9991	 0.8197	 1.0000	 1.0000	 1.0000	 0.9848	 0.1941	 0.6883	 1.0000	 0.3380	 0.4067	 1.0000	 1.0000	 0.9316	 1.0000	 0.5818	 0.2426
 3.00	 0.9997	 1.0000	 0.8011	 1.0000	 0.9982	 0.7161	 1.0000	 1.0000	 1.0000	 0.9759	 0.1331	 0.5699	 1.0000	 0.2290	 0.2744	 1.0000	 1.0000	 0.8873	 1.0000	 0.4373	 0.1543
 3.25	 0.9998	 1.0000	 0.6924	 1.0000	 0.9974	 0.5865	 1.0000	 1.0000	 1.0000	 0.9593	 0.0875	 0.4419	 1.0000	 0.1451	 0.1764	 1.0000	 1.0000	 0.8131	 1.0000	 0.3054	 0.0936
 3.50	 0.9997	 1.0000	 0.5557	 1.0000	 0.9956	 0.4501	 1.0000	 1.0000	 1.0000	 0.9391	 0.0537	 0.3147	 1.0000	 0.0881	 0.1084	 1.0000	 1.0000	 0.7129	 1.0000	 0.2018	 0.0570
 3.75	 0.9996	 1.0000	 0.4168	 1.0000	 0.9930	 0.3185	 1.0000	 1.0000	 1.0000	 0.9067	 0.0332	 0.2166	 1.0000	 0.0534	 0.0648	 1.0000	 1.0000	 0.5815	 1.0000	 0.1235	 0.0310
 4.00	 0.9991	 1.0000	 0.2906	 1.0000	 0.9867	 0.2066	 1.0000	 1.0000	 1.0000	 0.8551	 0.0202	 0.1437	 1.0000	 0.0296	 0.0387	 1.0000	 1.0000	 0.4387	 1.0000	 0.0733	 0.0187
 4.25	 0.9983	 1.0000	 0.1838	 1.0000	 0.9773	 0.1258	 1.0000	 1.0000	 1.0000	 0.7777	 0.0110	 0.0896	 1.0000	 0.0178	 0.0203	 1.0000	 1.0000	 0.3024	 1.0000	 0.0445	 0.0109
 4.50	 0.9970	 1.0000	 0.1158	 1.0000	 0.9611	 0.0751	 1.0000	 1.0000	 1.0000	 0.6718	 0.0057	 0.0602	 1.0000	 0.0102	 0.0115	 1.0000	 1.0000	 0.2016	 1.0000	 0.0252	 0.0059
 4.75	 0.9950	 1.0000	 0.0654	 1.0000	 0.9330	 0.0450	 1.0000	 1.0000	 1.0000	 0.5441	 0.0039	 0.0403	 1.0000	 0.0058	 0.0075	 1.0000	 1.0000	 0.1263	 1.0000	 0.0133	 0.0034
 5.00	 0.9915	 1.0000	 0.0376	 1.0000	 0.8866	 0.0257	 1.0000	 1.0000	 1.0000	 0.4016	 0.0023	 0.0251	 1.0000	 0.0035	 0.0050	 1.0000	 1.0000	 0.0714	 1.0000	 0.0070	 0.0018
 5.25	 0.9840	 1.0000	 0.0220	 1.0000	 0.8171	 0.0149	 1.0000	 0.9999	 0.9999	 0.2746	 0.0010	 0.0152	 1.0000	 0.0019	 0.0024	 1.0000	 1.0000	 0.0424	 1.0000	 0.0039	 0.0012
 5.50	 0.9721	 1.0000	 0.0129	 1.0000	 0.7166	 0.0082	 1.0000	 0.9999	 0.9997	 0.1769	 0.0004	 0.0098	 1.0000	 0.0009	 0.0016	 1.0000	 1.0000	 0.0239	 1.0000	 0.0021	 0.0007
 5.75	 0.9506	 1.0000	 0.0065	 1.0000	 0.5833	 0.0048	 0.9999	 0.9999	 0.9996	 0.1074	 0.0004	 0.0066	 1.0000	 0.0006	 0.0010	 0.9999	 1.0000	 0.0140	 1.0000	 0.0018	 0.0003
 6.00	 0.9134	 1.0000	 0.0033	 1.0000	 0.4406	 0.0028	 0.9999	 0.9999	 0.9994	 0.0618	 0.0003	 0.0038	 1.0000	 0.0002	 0.0006	 1.0000	 1.0000	 0.0085	 0.9998	 0.0010	 0.0003
 6.25	 0.8567	 0.9999	 0.0018	 1.0000	 0.3121	 0.0017	 0.9999	 0.9997	 0.9990	 0.0371	 0.0001	 0.0018	 1.0000	 0.0001	 0.0006	 1.0000	 1.0000	 0.0046	 0.9998	 0.0006	 0.0002
 6.50	 0.7719	 0.9998	 0.0011	 1.0000	 0.2034	 0.0011	 0.9997	 0.9994	 0.9978	 0.0220	 0.0000	 0.0010	 1.0000	 0.0001	 0.0005	 0.9999	 1.0000	 0.0027	 0.9995	 0.0005	 0.0000
 6.75	 0.6586	 0.9997	 0.0006	 0.9999	 0.1245	 0.0007	 0.9994	 0.9989	 0.9956	 0.0116	 0.0000	 0.0006	 1.0000	 0.0000	 0.0002	 0.9999	 0.9999	 0.0016	 0.9993	 0.0003	 0.0001
 7.00	 0.5183	 0.9995	 0.0002	 0.9999	 0.0740	 0.0002	 0.9990	 0.9978	 0.9913	 0.0075	 0.0000	 0.0005	 0.9999	 0.0000	 0.0001	 0.9999	 0.9998	 0.0008	 0.9991	 0.0002	 0.0000
 7.25	 0.3766	 0.9991	 0.0002	 0.9999	 0.0417	 0.0001	 0.9982	 0.9966	 0.9856	 0.0044	 0.0000	 0.0002	 0.9999	 0.0000	 0.0001	 0.9998	 0.9999	 0.0003	 0.9984	 0.0001	 0.0000
 7.50	 0.2525	 0.9988	 0.0001	 0.9997	 0.0244	 0.0001	 0.9968	 0.9932	 0.9755	 0.0023	 0.0000	 0.0000	 0.9999	 0.0000	 0.0000	 0.9996	 0.9997	 0.0003	 0.9973	 0.0000	 0.0000
 7.75	 0.1606	 0.9979	 0.0000	 0.9996	 0.0132	 0.0000	 0.9940	 0.9874	 0.9585	 0.0014	 0.0000	 0.0001	 0.9998	 0.0000	 0.0000	 0.9991	 0.9995	 0.0002	 0.9950	 0.0000	 0.0000
 8.00	 0.0964	 0.9961	 0.0000	 0.9994	 0.0078	 0.0000	 0.9903	 0.9792	 0.9312	 0.0007	 0.0000	 0.0000	 0.9998	 0.0000	 0.0000	 0.9986	 0.9993	 0.0001	 0.9906	 0.0000	 0.0000
 8.25	 0.0570	 0.9936	 0.0001	 0.9989	 0.0043	 0.0000	 0.9832	 0.9627	 0.8830	 0.0003	 0.0000	 0.0000	 0.9994	 0.0000	 0.0000	 0.9974	 0.9985	 0.0001	 0.9842	 0.0000	 0.0000
 8.50	 0.0334	 0.9885	 0.0000	 0.9975	 0.0025	 0.0000	 0.9706	 0.9377	 0.8072	 0.0003	 0.0000	 0.0000	 0.9989	 0.0000	 0.0000	 0.9936	 0.9968	 0.0001	 0.9716	 0.0000	 0.0000
 8.75	 0.0191	 0.9814	 0.0000	 0.9958	 0.0016	 0.0000	 0.9486	 0.8961	 0.6985	 0.0002	 0.0000	 0.0000	 0.9980	 0.0000	 0.0000	 0.9898	 0.9942	 0.0000	 0.9509	 0.0000	 0.0000
 9.00	 0.0113	 0.9656	 0.0000	 0.9931	 0.0009	 0.0000	 0.9139	 0.8308	 0.5684	 0.0000	 0.0000	 0.0000	 0.9962	 0.0000	 0.0000	 0.9841	 0.9895	 0.0000	 0.9184	 0.0000	 0.0000
 9.25	 0.0062	 0.9392	 0.0000	 0.9865	 0.0004	 0.0000	 0.8575	 0.7340	 0.4244	 0.0000	 0.0000	 0.0000	 0.9932	 0.0000	 0.0000	 0.9711	 0.9807	 0.0000	 0.8629	 0.0000	 0.0000
 9.50	 0.0036	 0.9008	 0.0000	 0.9770	 0.0002	 0.0000	 0.7769	 0.6147	 0.2932	 0.0000	 0.0000	 0.0000	 0.9886	 0.0000	 0.0000	 0.9535	 0.9661	 0.0000	 0.7875	 0.0000	 0.0000
 9.75	 0.0022	 0.8329	 0.0000	 0.9597	 0.0001	 0.0000	 0.6701	 0.4821	 0.1897	 0.0000	 0.0000	 0.0000	 0.9792	 0.0000	 0.0000	 0.9248	 0.9443	 0.0000	 0.6821	 0.0000	 0.0000
10.00	 0.0014	 0.7357	 0.0000	 0.9303	 0.0001	 0.0000	 0.5453	 0.3509	 0.1149	 0.0000	 0.0000	 0.0000	 0.9644	 0.0000	 0.0000	 0.8850	 0.9093	 0.0000	 0.5464	 0.0000	 0.0000
10.25	 0.0009	 0.6147	 0.0000	 0.8854	 0.0000	 0.0000	 0.4272	 0.2404	 0.0676	 0.0000	 0.0000	 0.0000	 0.9377	 0.0000	 0.0000	 0.8268	 0.8504	 0.0000	 0.4151	 0.0000	 0.0000
10.50	 0.0004	 0.4728	 0.0000	 0.8060	 0.0000	 0.0000	 0.3193	 0.1591	 0.0402	 0.0000	 0.0000	 0.0000	 0.8954	 0.0000	 0.0000	 0.7494	 0.7702	 0.0000	 0.2879	 0.0000	 0.0000
10.75	 0.0003	 0.3337	 0.0000	 0.7094	 0.0000	 0.0000	 0.2286	 0.0994	 0.0225	 0.0000	 0.0000	 0.0000	 0.8278	 0.0000	 0.0000	 0.6479	 0.6587	 0.0000	 0.1874	 0.0000	 0.0000
11.00	 0.0002	 0.2199	 0.0000	 0.5780	 0.0000	 0.0000	 0.1649	 0.0604	 0.0133	 0.0000	 0.0000	 0.0000	 0.7292	 0.0000	 0.0000	 0.5270	 0.5291	 0.0000	 0.1148	 0.0000	 0.0000
11.25	 0.0001	 0.1358	 0.0000	 0.4317	 0.0000	 0.0000	 0.1155	 0.0340	 0.0075	 0.0000	 0.0000	 0.0000	 0.5994	 0.0000	 0.0000	 0.3952	 0.3904	 0.0000	 0.0694	 0.0000	 0.0000
11.50	 0.0001	 0.0815	 0.0000	 0.2995	 0.0000	 0.0000	 0.0749	 0.0200	 0.0044	 0.0000	 0.0000	 0.0000	 0.4605	 0.0000	 0.0000	 0.2732	 0.2695	 0.0000	 0.0414	 0.0000	 0.0000
11.75	 0.0000	 0.0483	 0.0000	 0.1928	 0.0000	 0.0000	 0.0479	 0.0116	 0.0026	 0.0000	 0.0000	 0.0000	 0.3263	 0.0000	 0.0000	 0.1780	 0.1718	 0.0000	 0.0234	 0.0000	 0.0000
12.00	 0.0000	 0.0283	 0.0000	 0.1209	 0.0000	 0.0000	 0.0298	 0.0063	 0.0013	 0.0000	 0.0000	 0.0000	 0.2138	 0.0000	 0.0000	 0.1108	 0.1055	 0.0000	 0.0129	 0.0000	 0.0000
12.25	 0.0000	 0.0157	 0.0000	 0.0706	 0.0000	 0.0000	 0.0172	 0.0035	 0.0008	 0.0000	 0.0000	 0.0000	 0.1337	 0.0000	 0.0000	 0.0656	 0.0627	 0.0000	 0.0072	 0.0000	 0.0000
12.50	 0.0000	 0.0093	 0.0000	 0.0408	 0.0000	 0.0000	 0.0099	 0.0014	 0.0004	 0.0000	 0.0000	 0.0000	 0.0803	 0.0000	 0.0000	 0.0387	 0.0362	 0.0000	 0.0040	 0.0000	 0.0000
12.75	 0.0000	 0.0050	 0.0000	 0.0236	 0.0000	 0.0000	 0.0054	 0.0010	 0.0002	 0.0000	 0.0000	 0.0000	 0.0483	 0.0000	 0.0000	 0.0222	 0.0212	 0.0000	 0.0024	 0.0000	 0.0000
13.00	 0.0000	 0.0027	 0.0000	 0.0129	 0.0000	 0.0000	 0.0028	 0.0006	 0.0001	 0.0000	 0.0000	 0.0000	 0.0275	 0.0000	 0.0000	 0.0130	 0.0120	 0.0000	 0.0013	 0.0000	 0.0000
13.25	 0.0000	 0.0015	 0.0000	 0.0075	 0.0000	 0.0000	 0.0016	 0.0004	 0.0001	 0.0000	 0.0000	 0.0000	 0.0148	 0.0000	 0.0000	 0.0073	 0.0065	 0.0000	 0.0007	 0.0000	 0.0000
13.50	 0.0000	 0.0008	 0.0000	 0.0045	 0.0000	 0.0000	 0.0008	 0.0002	 0.0000	 0.0000	 0.0000	 0.0000	 0.0084	 0.0000	 0.0000	 0.0041	 0.0036	 0.0000	 0.0004	 0.0000	 0.0000
13.75	 0.0000	 0.0004	 0.0000	 0.0024	 0.0000	 0.0000	 0.0006	 0.0001	 0.0000	 0.0000	 0.0000	 0.0000	 0.0048	 0.0000	 0.0000	 0.0022	 0.0021	 0.0000	 0.0002	 0.0000	 0.0000
14.00	 0.0000	 0.0002	 0.0000	 0.0015	 0.0000	 0.0000	 0.0004	 0.0001	 0.0000	 0.0000	 0.0000	 0.0000	 0.0030	 0.0000	 0.0000	 0.0012	 0.0011	 0.0000	 0.0001	 0.0000	 0.0000